0,537
0,273
0,536
0,472
0,278
219,36
219,35
10,248
10,74
10,190
10,196
10,176
10,214
10,2
10,3
9,7
9,4
9,1
9,6
9,2
9,3
8,14
8,9
8,15
8,2
8,3
20,3
20,2
20,1
19,3
19,2
19,1
12,3
12,2
12,1
11,29
11,28
11,27
11,26
11,25
11,24
11,23
11,22
11,21
11,20
11,19
11,18
11,17
11,16
11,15
11,14
11,13
11,12
11,11
11,10
11,9
11,8
11,7
18,1
11,6
18,3
11,5
11,4
11,3
11,2
11,1
11,0
10,296
10,270
10,266
10,256
10,244
10,222
10,210
10,204
10,200
10,192
10,156
10,154
10,146
10,142
10,106
10,102
10,95
10,94
10,93
10,92
10,91
10,35
10,34
10,33
10,32
10,31
10,30
10,29
10,28
10,27
10,26
10,25
10,24
10,23
10,22
10,21
10,20
10,19
10,18
10,17
10,16
10,15
10,1
10,14
8,17
8,13
8,11
8,6
8,5
